56

0.03125  0        1
0.21875  0        1
0.21875  0.09375  1
0.03125  0        1
0.03125  0.09375  1
0.21875  0.09375  1

0.28125  0        1
0.46875  0        1
0.46875  0.09375  1
0.28125  0        1
0.28125  0.09375  1
0.46875  0.09375  1

0.53125  0        1
0.71875  0        1
0.71875  0.09375  1
0.53125  0        1
0.53125  0.09375  1
0.71875  0.09375  1

0.78125  0        1
0.96875  0        1
0.96875  0.09375  1
0.78125  0        1
0.78125  0.09375  1
0.96875  0.09375  1

0.03125  0.25     1
0.21875  0.25     1
0.21875  0.34375  1
0.03125  0.25     1
0.03125  0.34375  1
0.21875  0.34375  1

0.28125  0.25     1
0.46875  0.25     1
0.46875  0.34375  1
0.28125  0.25     1
0.28125  0.34375  1
0.46875  0.34375  1

0.53125  0.25     1
0.71875  0.25     1
0.71875  0.34375  1
0.53125  0.25     1
0.53125  0.34375  1
0.71875  0.34375  1

0.78125  0.25     1
0.96875  0.25     1
0.96875  0.34375  1
0.78125  0.25     1
0.78125  0.34375  1
0.96875  0.34375  1

0.03125  0.5      1
0.21875  0.5      1
0.21875  0.59375  1
0.03125  0.5      1
0.03125  0.59375  1
0.21875  0.59375  1

0.28125  0.5      1
0.46875  0.5      1
0.46875  0.59375  1
0.28125  0.5      1
0.28125  0.59375  1
0.46875  0.59375  1

0.53125  0.5      1
0.71875  0.5      1
0.71875  0.59375  1
0.53125  0.5      1
0.53125  0.59375  1
0.71875  0.59375  1

0.78125  0.5      1
0.96875  0.5      1
0.96875  0.59375  1
0.78125  0.5      1
0.78125  0.59375  1
0.96875  0.59375  1

0.03125  0.75     1
0.21875  0.75     1
0.21875  0.84375  1
0.03125  0.75     1
0.03125  0.84375  1
0.21875  0.84375  1

0.28125  0.75     1
0.46875  0.75     1
0.46875  0.84375  1
0.28125  0.75     1
0.28125  0.84375  1
0.46875  0.84375  1

0.53125  0.75     1
0.71875  0.75     1
0.71875  0.84375  1
0.53125  0.75     1
0.53125  0.84375  1
0.71875  0.84375  1

0.78125  0.75     1
0.96875  0.75     1
0.96875  0.84375  1
0.78125  0.75     1
0.78125  0.84375  1
0.96875  0.84375  1



0.15625  0.125    1
0.34375  0.125    1
0.34375  0.21875  1
0.15625  0.125    1
0.15625  0.21875  1
0.34375  0.21875  1

0.40625  0.125    1
0.59375  0.125    1
0.59375  0.21875  1
0.40625  0.125    1
0.40625  0.21875  1
0.59375  0.21875  1

0.65625  0.125    1
0.84375  0.125    1
0.84375  0.21875  1
0.65625  0.125    1
0.65625  0.21875  1
0.84375  0.21875  1



0.15625  0.375    1
0.34375  0.375    1
0.34375  0.46875  1
0.15625  0.375    1
0.15625  0.46875  1
0.34375  0.46875  1

0.40625  0.375    1
0.59375  0.375    1
0.59375  0.46875  1
0.40625  0.375    1
0.40625  0.46875  1
0.59375  0.46875  1

0.65625  0.375    1
0.84375  0.375    1
0.84375  0.46875  1
0.65625  0.375    1
0.65625  0.46875  1
0.84375  0.46875  1



0.15625  0.625    1
0.34375  0.625    1
0.34375  0.71875  1
0.15625  0.625    1
0.15625  0.71875  1
0.34375  0.71875  1

0.40625  0.625    1
0.59375  0.625    1
0.59375  0.71875  1
0.40625  0.625    1
0.40625  0.71875  1
0.59375  0.71875  1

0.65625  0.625    1
0.84375  0.625    1
0.84375  0.71875  1
0.65625  0.625    1
0.65625  0.71875  1
0.84375  0.71875  1



0.15625  0.875    1
0.34375  0.875    1
0.34375  0.96875  1
0.15625  0.875    1
0.15625  0.96875  1
0.34375  0.96875  1

0.40625  0.875    1
0.59375  0.875    1
0.59375  0.96875  1
0.40625  0.875    1
0.40625  0.96875  1
0.59375  0.96875  1

0.65625  0.875    1
0.84375  0.875    1
0.84375  0.96875  1
0.65625  0.875    1
0.65625  0.96875  1
0.84375  0.96875  1
